# Created by Octave 4.4.1, Tue Sep 04 16:16:37 2018 GMT <unknown@Trogdor>
# name: data
# type: matrix
# rows: 1000
# columns: 3
 1648 3 2
 2098 4 2.5
 1580 3 2
 1968 4 2.5
 1937 4 2.5
 1324 3 2
 1464 3 2
 1909 4 2.5
 1317 3 2
 2055 4 2.5
 1336 3 2
 1232 3 2
 1412 3 2
 1615 3 2
 2107 4 2.5
 1574 3 2
 2111 4 2.5
 1591 3 2
 2010 4 2.5
 1998 4 2.5
 2159 4 2.5
 1399 3 2
 1921 4 2.5
 1454 3 2
 1373 3 2
 2092 4 2.5
 1620 3 2
 2034 4 2.5
 1423 3 2
 1413 3 2
 1510 3 2
 1351 3 2
 1345 3 2
 1749 3 2
 1555 3 2
 1296 3 2
 1347 3 2
 1682 3 2
 2155 4 2.5
 1236 3 2
 1361 3 2
 1945 4 2.5
 1996 4 2.5
 1556 3 2
 1439 3 2
 1553 3 2
 1480 3 2
 1338 3 2
 2185 4 2.5
 1358 3 2
 1597 3 2
 1480 3 2
 2123 4 2.5
 2077 4 2.5
 2137 4 2.5
 1564 3 2
 1892 4 2.5
 2052 4 2.5
 1219 3 2
 1499 3 2
 1668 3 2
 2043 4 2.5
 2023 4 2.5
 1507 3 2
 1957 4 2.5
 1939 4 2.5
 1461 3 2
 1724 3 2
 2181 4 2.5
 1445 3 2
 1646 3 2
 1779 3 2
 1308 3 2
 1788 3 2
 2053 4 2.5
 1588 3 2
 1512 3 2
 1546 3 2
 1517 3 2
 1898 4 2.5
 2182 4 2.5
 1398 3 2
 2046 4 2.5
 1297 3 2
 1200 2 1.5
 1855 4 2.5
 2187 4 2.5
 1742 3 2
 1215 3 2
 1687 3 2
 1814 4 2.5
 1252 3 2
 2004 4 2.5
 1944 4 2.5
 2001 4 2.5
 1255 3 2
 2177 4 2.5
 1398 3 2
 1660 3 2
 2166 4 2.5
 1584 3 2
 1921 4 2.5
 1376 3 2
 1390 3 2
 2039 4 2.5
 2004 4 2.5
 1299 3 2
 1729 3 2
 1987 4 2.5
 1633 3 2
 1854 4 2.5
 1412 3 2
 1578 3 2
 2021 4 2.5
 1694 3 2
 1410 3 2
 1394 3 2
 1440 3 2
 1509 3 2
 2168 4 2.5
 1293 3 2
 2061 4 2.5
 1344 3 2
 1790 3 2
 1334 3 2
 1955 4 2.5
 1780 3 2
 1511 3 2
 1590 3 2
 1818 4 2.5
 1458 3 2
 1293 3 2
 1561 3 2
 1964 4 2.5
 1249 3 2
 2055 4 2.5
 1614 3 2
 1362 3 2
 1457 3 2
 1925 4 2.5
 1583 3 2
 2126 4 2.5
 1725 3 2
 1469 3 2
 1503 3 2
 1740 3 2
 2167 4 2.5
 1800 3 2
 1267 3 2
 1779 3 2
 1977 4 2.5
 1543 3 2
 1279 3 2
 1555 3 2
 1770 3 2
 1945 4 2.5
 2176 4 2.5
 2031 4 2.5
 1663 3 2
 2184 4 2.5
 1451 3 2
 1729 3 2
 1675 3 2
 1331 3 2
 1347 3 2
 2135 4 2.5
 2051 4 2.5
 1496 3 2
 1541 3 2
 1940 4 2.5
 2135 4 2.5
 1539 3 2
 1847 4 2.5
 1240 3 2
 2110 4 2.5
 1629 3 2
 1897 4 2.5
 1630 3 2
 1552 3 2
 1828 4 2.5
 1777 3 2
 1618 3 2
 1750 3 2
 1937 4 2.5
 1548 3 2
 1677 3 2
 1788 3 2
 1447 3 2
 2004 4 2.5
 2030 4 2.5
 1382 3 2
 2029 4 2.5
 2144 4 2.5
 1479 3 2
 1689 3 2
 1204 3 2
 1384 3 2
 1258 3 2
 1294 3 2
 1470 3 2
 1849 4 2.5
 1536 3 2
 1540 3 2
 1719 3 2
 1952 4 2.5
 1432 3 2
 1355 3 2
 1214 3 2
 2049 4 2.5
 1525 3 2
 2119 4 2.5
 1742 3 2
 1410 3 2
 1312 3 2
 1677 3 2
 1449 3 2
 2180 4 2.5
 1871 4 2.5
 1623 3 2
 1704 3 2
 1754 3 2
 1705 3 2
 2048 4 2.5
 1883 4 2.5
 1257 3 2
 2198 4 2.5
 1325 3 2
 1590 3 2
 1792 3 2
 2181 4 2.5
 2130 4 2.5
 1982 4 2.5
 1842 4 2.5
 1870 4 2.5
 1607 3 2
 1716 3 2
 1757 3 2
 1971 4 2.5
 1857 4 2.5
 1615 3 2
 1448 3 2
 1336 3 2
 1722 3 2
 1714 3 2
 1726 3 2
 1374 3 2
 1549 3 2
 1824 4 2.5
 1274 3 2
 1949 4 2.5
 1387 3 2
 1541 3 2
 1823 4 2.5
 1728 3 2
 1729 3 2
 1483 3 2
 1525 3 2
 1214 3 2
 1259 3 2
 1521 3 2
 2153 4 2.5
 1262 3 2
 1221 3 2
 1600 3 2
 2166 4 2.5
 1263 3 2
 1200 2 1.5
 1620 3 2
 1854 4 2.5
 1774 3 2
 2013 4 2.5
 1380 3 2
 2175 4 2.5
 1870 4 2.5
 2136 4 2.5
 1852 4 2.5
 1363 3 2
 2100 4 2.5
 1755 3 2
 1361 3 2
 1637 3 2
 1241 3 2
 1898 4 2.5
 1624 3 2
 1969 4 2.5
 1753 3 2
 1905 4 2.5
 1720 3 2
 1438 3 2
 1234 3 2
 1449 3 2
 1669 3 2
 1464 3 2
 1838 4 2.5
 2192 4 2.5
 1364 3 2
 1588 3 2
 1427 3 2
 1787 3 2
 1614 3 2
 1708 3 2
 2074 4 2.5
 1234 3 2
 1595 3 2
 1375 3 2
 1416 3 2
 1952 4 2.5
 1435 3 2
 1623 3 2
 1277 3 2
 1330 3 2
 1537 3 2
 1677 3 2
 1623 3 2
 1444 3 2
 1311 3 2
 2086 4 2.5
 1514 3 2
 1323 3 2
 1602 3 2
 2156 4 2.5
 1603 3 2
 1707 3 2
 1674 3 2
 1509 3 2
 1845 4 2.5
 1443 3 2
 2072 4 2.5
 1929 4 2.5
 1862 4 2.5
 1964 4 2.5
 1779 3 2
 1298 3 2
 1375 3 2
 1601 3 2
 1296 3 2
 2142 4 2.5
 2080 4 2.5
 1507 3 2
 1223 3 2
 1921 4 2.5
 2053 4 2.5
 1891 4 2.5
 2171 4 2.5
 1723 3 2
 1448 3 2
 1419 3 2
 1690 3 2
 1890 4 2.5
 1295 3 2
 2102 4 2.5
 1597 3 2
 1247 3 2
 1805 4 2.5
 1980 4 2.5
 1859 4 2.5
 1845 4 2.5
 1395 3 2
 2008 4 2.5
 1324 3 2
 1623 3 2
 2001 4 2.5
 1723 3 2
 1977 4 2.5
 1883 4 2.5
 2041 4 2.5
 2053 4 2.5
 1903 4 2.5
 1237 3 2
 1722 3 2
 1222 3 2
 1617 3 2
 1659 3 2
 1977 4 2.5
 1693 3 2
 1604 3 2
 2039 4 2.5
 1834 4 2.5
 1752 3 2
 1519 3 2
 1992 4 2.5
 1236 3 2
 2116 4 2.5
 1694 3 2
 2044 4 2.5
 1932 4 2.5
 2068 4 2.5
 1601 3 2
 1278 3 2
 1293 3 2
 1552 3 2
 2153 4 2.5
 1202 3 2
 1619 3 2
 1905 4 2.5
 1835 4 2.5
 1750 3 2
 2038 4 2.5
 1433 3 2
 1602 3 2
 1894 4 2.5
 2095 4 2.5
 1759 3 2
 1511 3 2
 1515 3 2
 1595 3 2
 1268 3 2
 1433 3 2
 1752 3 2
 2091 4 2.5
 1358 3 2
 1225 3 2
 2157 4 2.5
 1441 3 2
 1207 3 2
 1589 3 2
 1255 3 2
 1581 3 2
 1744 3 2
 1852 4 2.5
 1280 3 2
 1339 3 2
 1865 4 2.5
 1919 4 2.5
 1937 4 2.5
 1322 3 2
 1529 3 2
 2174 4 2.5
 1344 3 2
 1582 3 2
 1411 3 2
 1413 3 2
 1661 3 2
 1603 3 2
 1679 3 2
 2102 4 2.5
 1796 3 2
 1898 4 2.5
 1923 4 2.5
 1978 4 2.5
 1391 3 2
 2083 4 2.5
 1898 4 2.5
 1836 4 2.5
 1629 3 2
 1921 4 2.5
 1821 4 2.5
 1625 3 2
 1218 3 2
 2169 4 2.5
 2178 4 2.5
 2139 4 2.5
 2038 4 2.5
 1981 4 2.5
 1377 3 2
 1825 4 2.5
 1865 4 2.5
 1943 4 2.5
 2075 4 2.5
 1711 3 2
 1814 4 2.5
 2114 4 2.5
 1863 4 2.5
 1458 3 2
 1735 3 2
 2120 4 2.5
 1599 3 2
 1434 3 2
 1466 3 2
 2076 4 2.5
 1961 4 2.5
 1458 3 2
 1479 3 2
 1258 3 2
 2009 4 2.5
 1724 3 2
 1311 3 2
 1414 3 2
 1362 3 2
 1362 3 2
 1555 3 2
 1425 3 2
 1250 3 2
 2131 4 2.5
 1691 3 2
 1480 3 2
 1622 3 2
 1200 2 1.5
 1227 3 2
 2085 4 2.5
 1809 4 2.5
 2014 4 2.5
 2085 4 2.5
 1445 3 2
 2173 4 2.5
 2154 4 2.5
 1929 4 2.5
 1292 3 2
 1598 3 2
 2011 4 2.5
 1580 3 2
 2117 4 2.5
 1832 4 2.5
 2187 4 2.5
 1627 3 2
 2094 4 2.5
 1216 3 2
 1442 3 2
 2121 4 2.5
 1587 3 2
 2152 4 2.5
 1242 3 2
 2070 4 2.5
 2061 4 2.5
 1226 3 2
 1204 3 2
 1689 3 2
 1205 3 2
 1546 3 2
 1947 4 2.5
 1736 3 2
 1569 3 2
 1260 3 2
 1707 3 2
 1238 3 2
 1589 3 2
 2025 4 2.5
 1984 4 2.5
 1732 3 2
 1808 4 2.5
 1689 3 2
 1720 3 2
 1936 4 2.5
 1729 3 2
 1540 3 2
 1584 3 2
 1833 4 2.5
 1505 3 2
 1260 3 2
 1937 4 2.5
 1682 3 2
 1207 3 2
 1881 4 2.5
 1248 3 2
 1944 4 2.5
 1778 3 2
 2178 4 2.5
 1219 3 2
 1979 4 2.5
 1826 4 2.5
 1406 3 2
 1223 3 2
 2134 4 2.5
 1795 3 2
 1505 3 2
 1680 3 2
 1506 3 2
 1927 4 2.5
 2075 4 2.5
 1427 3 2
 2053 4 2.5
 2190 4 2.5
 1316 3 2
 1357 3 2
 1781 3 2
 1984 4 2.5
 1315 3 2
 1609 3 2
 1827 4 2.5
 1827 4 2.5
 1380 3 2
 1986 4 2.5
 1915 4 2.5
 2045 4 2.5
 1948 4 2.5
 1824 4 2.5
 1387 3 2
 1418 3 2
 1841 4 2.5
 1817 4 2.5
 1775 3 2
 1972 4 2.5
 1880 4 2.5
 1719 3 2
 1705 3 2
 1377 3 2
 1875 4 2.5
 1814 4 2.5
 1334 3 2
 1333 3 2
 1759 3 2
 1461 3 2
 2165 4 2.5
 2197 4 2.5
 1652 3 2
 1344 3 2
 2077 4 2.5
 2039 4 2.5
 2036 4 2.5
 2155 4 2.5
 1627 3 2
 1746 3 2
 2003 4 2.5
 1317 3 2
 1909 4 2.5
 1623 3 2
 1662 3 2
 2146 4 2.5
 1254 3 2
 1975 4 2.5
 1960 4 2.5
 1504 3 2
 1457 3 2
 1988 4 2.5
 1283 3 2
 1456 3 2
 1933 4 2.5
 2122 4 2.5
 1561 3 2
 1809 4 2.5
 1891 4 2.5
 2083 4 2.5
 2061 4 2.5
 1994 4 2.5
 1665 3 2
 1866 4 2.5
 1210 3 2
 1841 4 2.5
 2188 4 2.5
 1438 3 2
 1953 4 2.5
 1432 3 2
 1842 4 2.5
 1357 3 2
 1223 3 2
 1969 4 2.5
 1771 3 2
 1303 3 2
 1998 4 2.5
 1230 3 2
 1616 3 2
 1894 4 2.5
 1250 3 2
 1947 4 2.5
 1592 3 2
 2030 4 2.5
 1755 3 2
 1515 3 2
 1248 3 2
 1668 3 2
 1303 3 2
 1351 3 2
 1617 3 2
 1512 3 2
 1236 3 2
 1877 4 2.5
 1897 4 2.5
 1913 4 2.5
 1397 3 2
 1889 4 2.5
 1919 4 2.5
 1813 4 2.5
 2011 4 2.5
 2059 4 2.5
 2012 4 2.5
 1394 3 2
 1918 4 2.5
 1267 3 2
 1719 3 2
 2116 4 2.5
 1619 3 2
 1874 4 2.5
 1894 4 2.5
 2069 4 2.5
 1803 4 2.5
 1215 3 2
 1695 3 2
 1223 3 2
 2192 4 2.5
 1973 4 2.5
 2028 4 2.5
 1266 3 2
 1512 3 2
 1344 3 2
 1589 3 2
 1911 4 2.5
 1876 4 2.5
 1209 3 2
 1750 3 2
 1948 4 2.5
 2063 4 2.5
 1333 3 2
 1577 3 2
 1795 3 2
 2132 4 2.5
 2184 4 2.5
 1246 3 2
 1499 3 2
 1826 4 2.5
 1499 3 2
 1483 3 2
 1944 4 2.5
 1360 3 2
 1965 4 2.5
 1859 4 2.5
 1669 3 2
 2023 4 2.5
 1879 4 2.5
 1494 3 2
 1547 3 2
 1602 3 2
 1539 3 2
 1814 4 2.5
 1410 3 2
 1580 3 2
 1580 3 2
 2147 4 2.5
 1985 4 2.5
 1876 4 2.5
 1574 3 2
 1653 3 2
 2003 4 2.5
 1870 4 2.5
 2045 4 2.5
 1924 4 2.5
 1951 4 2.5
 2056 4 2.5
